all_theta =

 Columns 1 through 6:

  -3.20987   0.00000   0.00000   0.00008  -0.00076  -0.00083
  -3.25343   0.00000   0.00000  -0.00003   0.00040  -0.00092
  -4.92717   0.00000   0.00000  -0.00001  -0.00012   0.00336
  -2.36722   0.00000   0.00000  -0.00001  -0.00002   0.00138
   0.61609   0.00000   0.00000  -0.00000   0.00008  -0.00084
  -3.63890   0.00000   0.00000  -0.00000   0.00002  -0.00013
  -2.07458   0.00000   0.00000  -0.00003   0.00018   0.00075
  -8.14345   0.00000   0.00000  -0.00000   0.00005   0.00008
  -4.18246   0.00000   0.00000  -0.00000   0.00002   0.00021
  -6.14548   0.00000   0.00000  -0.00000  -0.00001   0.00013

 Columns 7 through 12:

   0.00131  -0.01636  -0.00080   0.00052   0.00047   0.00007
  -0.01640  -0.00912  -0.01319  -0.00159  -0.00860  -0.00324
   0.01370  -0.01974  -0.00620  -0.00092  -0.00947  -0.00290
  -0.00093   0.00105   0.05337   0.04074   0.06962   0.02117
  -0.00751  -0.00318  -0.01532  -0.00921  -0.00139   0.00011
  -0.00025  -0.00144  -0.00106  -0.00020  -0.00042  -0.00014
   0.00458   0.04339   0.00232  -0.00214  -0.00574  -0.00208
  -0.00018  -0.00698  -0.00600   0.00051   0.00007   0.00001
  -0.00420  -0.00334  -0.00102  -0.01100  -0.00663  -0.00043
   0.00091   0.00004  -0.00051  -0.00088  -0.00168  -0.00034

 Columns 13 through 18:

   0.00037   0.00163   0.00143   0.00402   0.00528   0.00045
   0.00402   0.00546   0.00239  -0.00498  -0.00244   0.00387
  -0.00348  -0.01293   0.01698   0.02811  -0.00226  -0.00070
  -0.00320   0.00470   0.02875   0.01089  -0.00041   0.00021
   0.00178   0.00843  -0.03883  -0.06135   0.00004   0.00094
   0.00008   0.00009   0.00036   0.00053   0.00012   0.00002
   0.00014   0.00041  -0.00444  -0.00164   0.00032   0.00003
   0.00004   0.00014   0.00061   0.00169   0.00128   0.00017
   0.00066   0.00080   0.00161   0.00180   0.00065   0.00068
   0.00035   0.00059   0.00641   0.00565   0.00000   0.00002

 Columns 19 through 24:

  -0.00008  -0.00000   0.00000  -0.00000   0.00001  -0.00104
  -0.00012  -0.00002   0.00000  -0.00000  -0.00001   0.00062
  -0.00001   0.00001   0.00000  -0.00000   0.00000   0.00042
   0.00003  -0.00000   0.00000  -0.00000   0.00009  -0.00009
   0.00000  -0.00001   0.00000  -0.00000  -0.00001  -0.00065
   0.00000  -0.00000   0.00000   0.00000  -0.00001  -0.00001
   0.00000  -0.00000   0.00000  -0.00000   0.00000   0.00027
   0.00001  -0.00000   0.00000  -0.00000  -0.00001   0.00007
   0.00009  -0.00001   0.00000  -0.00000  -0.00000  -0.00000
   0.00000  -0.00000   0.00000  -0.00000  -0.00001  -0.00001

 Columns 25 through 30:

   0.00862   0.00989   0.00190  -0.02197   0.00003   0.00025
  -0.00415   0.01338   0.15338  -0.08647  -0.17897  -0.03110
  -0.00347  -0.01213  -0.04806  -0.11556  -0.08302  -0.06453
  -0.00764  -0.04042  -0.00557  -0.11327  -0.69944  -0.25712
   0.00686   0.02017   0.02496  -0.00175  -0.07393  -0.04633
  -0.00026   0.00843   0.01108   0.00111   0.00377   0.01199
  -0.00174  -0.01045  -0.10109   0.09909   0.20407   0.11665
  -0.00002   0.00035   0.00939  -0.00093  -0.02684  -0.03555
   0.00075  -0.00168  -0.00180  -0.01051  -0.05806  -0.11057
   0.00146   0.00193  -0.00996   0.00188   0.00455   0.00091

 Columns 31 through 36:

  -0.00914  -0.00117  -0.00405  -0.01776  -0.01054  -0.03626
  -0.03374  -0.02952  -0.06490  -0.06261  -0.02646   0.03667
  -0.06075  -0.03483   0.04753   0.12648  -0.22861  -0.33671
  -0.02989   0.07376   0.04928   0.02190  -0.26926  -0.11147
  -0.02398   0.00448  -0.01470  -0.09353   0.42317   0.67670
   0.00897   0.01123   0.00257   0.01410   0.00691   0.00083
   0.06190   0.00606  -0.02793  -0.04521   0.04468   0.03393
  -0.01931   0.00433   0.00203  -0.00155  -0.00079  -0.00400
  -0.04789  -0.00575  -0.00855  -0.00817  -0.00909  -0.01257
   0.01370   0.01315   0.01423   0.00938  -0.04961  -0.06088

 Columns 37 through 42:

  -0.04956   0.00564   0.00894   0.00031   0.00016   0.00000
   0.02507  -0.04715   0.00621   0.00114   0.00009   0.00000
   0.01542  -0.01285  -0.03215  -0.00470   0.00060   0.00000
   0.01054   0.00024   0.00119   0.00057   0.00020  -0.00001
  -0.00252  -0.01149  -0.00392   0.00022   0.00002   0.00000
   0.00146   0.00062   0.00013   0.00003   0.00001  -0.00001
   0.00807   0.01325   0.00807  -0.00085   0.00039   0.00000
   0.00756   0.01551   0.00925   0.00057   0.00035   0.00000
  -0.00434  -0.00549   0.00121  -0.00064  -0.00094   0.00000
  -0.00888   0.00713   0.00598  -0.00024   0.00001   0.00000

 Columns 43 through 48:

  -0.00026   0.00030   0.02473   0.06034   0.08918   0.08810
   0.00029   0.00340  -0.01962  -0.34338  -0.26938  -0.38887
  -0.00013  -0.00679   0.06169   0.38075   0.80890   0.68446
  -0.00120   0.00972   0.08825   0.21888   0.00145  -0.20209
  -0.00002   0.00983  -0.07382  -0.33897  -0.68937  -0.85466
   0.00014  -0.00125   0.01177  -0.07821  -0.40247  -0.20400
  -0.00001  -0.00034   0.00294  -0.00829   0.28205   0.18992
  -0.00008   0.00025   0.00713   0.00664  -0.08064  -0.20153
   0.00002   0.00020  -0.00230  -0.03385  -0.09904  -0.14652
   0.00005   0.00002  -0.00627  -0.02396  -0.06184  -0.10666

 Columns 49 through 54:

  -0.05490  -0.08325  -0.02269  -0.03643  -0.00509  -0.05515
  -0.45161  -0.27515   0.06784   0.44497   0.64145  -0.05062
   0.31551  -0.09634  -0.07087  -0.13318  -0.20266   0.34303
  -1.69825  -1.64441  -0.41538   0.20886  -0.86527  -1.42187
  -0.26025  -0.11933   0.01196   0.00538  -0.07796  -0.20843
  -0.36778  -0.63824  -0.53239  -0.27786  -0.10783  -0.15646
   1.93457   2.88398   1.91432   0.92228   0.93736   0.36120
  -0.17935  -0.03772   0.02397  -0.03058   0.00298  -0.06296
  -0.53446  -0.78428  -0.28675  -0.09591  -0.11154  -0.05375
  -0.17786  -0.26421  -0.28819  -0.41394  -0.52547  -0.40942

 Columns 55 through 60:

  -0.15937  -0.26172  -0.20400  -0.04359   0.04751   0.00062
  -1.01646  -0.42193   0.13635  -0.35334  -0.07965   0.03663
   0.69172   0.35724   0.24711   0.38754   0.62884   0.03072
  -1.21033  -0.28187  -0.02135  -0.03408  -0.02713   0.00533
   0.82226   1.31819  -0.33736  -0.21031   0.00739   0.00214
  -0.12070  -0.08403  -0.00016  -0.00049  -0.00133  -0.00010
  -0.14708  -0.28100  -0.32831  -0.25184  -0.18133  -0.02486
  -0.26416  -0.50101  -0.40028  -0.18226  -0.10744  -0.00003
  -0.05363  -0.03567  -0.05248  -0.04059  -0.05769   0.01165
  -0.69861  -0.42114   0.07203  -0.05703  -0.07941   0.01032

 Columns 61 through 66:

  -0.00040   0.00000   0.00123   0.00463  -0.15475  -0.56408
  -0.00303   0.00016  -0.00003  -0.04689   0.07525   0.11534
  -0.00467   0.00000   0.00106  -0.02815   0.09531   0.57863
   0.00025   0.00010   0.00045  -0.06299   0.11467   0.91900
   0.00020   0.00001   0.00120   0.03441  -0.42878  -1.13835
  -0.00014  -0.00008  -0.00010   0.01924  -0.06527  -0.65803
  -0.00213   0.00000   0.00000   0.00786  -0.05680  -0.42003
  -0.00412   0.00000   0.00130  -0.00208  -0.12286  -0.23851
   0.01673   0.00000   0.00034   0.00120  -0.04520  -0.17713
   0.00213   0.00000   0.00072   0.00150  -0.08989  -0.20448

 Columns 67 through 72:

  -0.88801  -1.20744  -0.71175  -0.78077  -0.07179   0.31596
   0.25910   0.51423   0.56944   0.09979  -1.41171  -0.30533
   0.41927   0.36986  -0.12071  -0.67304  -0.53706  -0.53291
   0.21187   0.92179  -0.32541  -0.10540   0.84090   0.80791
  -1.48826  -0.91316  -0.29464  -0.15891  -0.54690  -0.67804
  -0.50944  -0.16557  -0.53237  -0.26806   0.82850   0.67785
   0.26286  -0.05253   1.38439   1.06474   1.05552   0.45459
  -0.73776  -0.82167   0.21913   0.91165   0.58056  -0.51161
  -0.42360  -0.56344  -0.64187  -0.30224  -0.04273  -0.03504
  -0.29415  -0.54053  -0.47951  -0.29503   0.06049   0.42438

